     100
 96.0634
  92.127
 88.1911
 84.2557
 80.3211
 76.3875
 72.4551
 68.5241
 64.5946
 60.6669
 56.7411
 52.8174
 48.8958
 44.9765
 41.0596
  37.145
 33.2328
 29.3228
  25.415
 21.5092
 17.6051
 13.7025
 9.80098
 5.90029
       2
     100
 96.0633
 92.1268
 88.1908
 84.2553
 80.3206
 76.3869
 72.4544
 68.5233
 64.5937
 60.6659
 56.7401
 52.8163
 48.8947
 44.9753
 41.0584
 37.1438
 33.2316
 29.3217
  25.414
 21.5083
 17.6044
 13.7019
 9.80058
 5.90009
       2
     100
  96.063
 92.1262
 88.1899
 84.2541
 80.3191
 76.3851
 72.4523
 68.5209
 64.5911
 60.6631
  56.737
  52.813
 48.8912
 44.9718
 41.0548
 37.1402
 33.2282
 29.3184
  25.411
 21.5056
 17.6021
 13.7002
 9.79939
 5.89948
       2
     100
 96.0625
 92.1252
 88.1884
 84.2521
 80.3166
 76.3821
 72.4488
  68.517
 64.5867
 60.6582
 56.7318
 52.8074
 48.8854
 44.9658
 41.0487
 37.1342
 33.2223
 29.3129
 25.4059
 21.5011
 17.5983
 13.6972
 9.79735
 5.89844
       2
     100
 96.0618
 92.1238
 88.1863
 84.2493
 80.3131
 76.3779
  72.444
 68.5114
 64.5805
 60.6514
 56.7244
 52.7996
 48.8772
 44.9573
 41.0401
 37.1256
 33.2139
 29.3049
 25.3985
 21.4946
 17.5928
 13.6929
  9.7944
 5.89694
       2
     100
 96.0609
  92.122
 88.1836
 84.2457
 80.3086
 76.3725
 72.4377
 68.5042
 64.5725
 60.6426
 56.7148
 52.7893
 48.8664
 44.9461
 41.0287
 37.1142
 33.2028
 29.2943
 25.3887
 21.4859
 17.5854
 13.6871
 9.79043
 5.89492
       2
     100
 96.0598
 92.1199
 88.1803
 84.2413
 80.3031
 76.3659
 72.4299
 68.4954
 64.5625
 60.6316
 56.7029
 52.7766
 48.8529
 44.9321
 41.0143
 37.0998
 33.1886
 29.2808
 25.3762
 21.4747
  17.576
 13.6797
 9.78531
 5.89231
       2
     100
 96.0585
 92.1173
 88.1764
 84.2361
 80.2966
  76.358
 72.4207
 68.4848
 64.5507
 60.6185
 56.6885
 52.7611
 48.8365
  44.915
 40.9968
 37.0821
 33.1711
 29.2639
 25.3605
 21.4606
  17.564
 13.6703
 9.77883
   5.889
       2
     100
 96.0571
 92.1143
  88.172
 84.2301
 80.2891
  76.349
 72.4101
 68.4726
 64.5369
 60.6031
 56.6717
 52.7429
 48.8171
 44.8945
 40.9756
 37.0607
 33.1499
 29.2434
 25.3412
 21.4432
 17.5492
 13.6586
 9.77073
 5.88486
       2
     100
 96.0554
  92.111
  88.167
 84.2234
 80.2806
 76.3387
  72.398
 68.4587
  64.521
 60.5854
 56.6522
 52.7217
 48.7943
 44.8704
 40.9506
  37.035
 33.1242
 29.2184
 25.3176
 21.4218
 17.5308
 13.6441
 9.76063
 5.87969
       2
     100
 96.0536
 92.1073
 88.1615
  84.216
 80.2712
 76.3273
 72.3845
  68.443
 64.5032
 60.5654
   56.63
 52.6973
  48.768
 44.8424
 40.9211
 37.0047
 33.0936
 29.1883
  25.289
 21.3957
 17.5083
  13.626
 9.74807
 5.87323
       2
     100
 96.0516
 92.1034
 88.1555
 84.2079
  80.261
 76.3148
 72.3696
 68.4258
 64.4834
  60.543
  56.605
 52.6697
 48.7379
   44.81
 40.8868
  36.969
 33.0572
 29.1522
 25.2543
 21.3637
 17.4804
 13.6036
 9.73235
 5.86513
       2
     100
 96.0495
 92.0991
  88.149
 84.1992
 80.2499
 76.3013
 72.3536
 68.4069
 64.4617
 60.5183
 56.5771
 52.6388
 48.7038
 44.7729
 40.8471
 36.9272
 33.0141
 29.1088
 25.2121
 21.3244
 17.4457
 13.5755
 9.71254
 5.85487
       2
     100
 96.0473
 92.0947
 88.1423
 84.1901
 80.2382
 76.2869
 72.3364
 68.3867
 64.4382
 60.4914
 56.5466
 52.6044
 48.6656
 44.7309
 40.8015
 36.8785
 32.9632
 29.0569
 25.1608
 21.2759
 17.4024
 13.5401
  9.6873
 5.84173
       2
     100
  96.045
   92.09
 88.1352
 84.1805
  80.226
 76.2719
 72.3182
 68.3653
 64.4132
 60.4624
 56.5134
 52.5668
 48.6232
 44.6837
 40.7495
 36.8221
 32.9032
 28.9946
 25.0982
 21.2156
 17.3478
 13.4947
 9.65465
 5.82463
       2
     100
 96.0427
 92.0853
  88.128
 84.1707
 80.2135
 76.2564
 72.2995
 68.3429
 64.3869
 60.4318
  56.478
  52.526
 48.5768
 44.6312
 40.6908
 36.7573
 32.8329
 28.9201
 25.0217
 21.1403
 17.2781
 13.4358
 9.61166
 5.80189
       2
     100
 96.0403
 92.0806
 88.1208
 84.1609
 80.2009
 76.2407
 72.2803
   68.32
 64.3598
 60.3999
 56.4407
 52.4827
 48.5267
 44.5738
 40.6254
 36.6836
  32.751
 28.8311
 24.9279
 21.0456
 17.1881
 13.3578
 9.55372
 5.77089
       2
     100
  96.038
  92.076
 88.1138
 84.1512
 80.1884
  76.225
 72.2613
  68.297
 64.3323
 60.3673
 56.4022
 52.4375
 48.4737
 44.5119
 40.5535
 36.6007
 32.6567
 28.7256
  24.813
 20.9256
 17.0702
 13.2525
  9.4734
 5.72717
       2
     100
 96.0358
 92.0715
  88.107
 84.1419
 80.1763
 76.2099
 72.2427
 68.2745
 64.3052
 60.3349
 56.3635
 52.3914
 48.4189
 44.4467
 40.4762
 36.5095
 32.5498
  28.602
 24.6732
 20.7731
 16.9137
 13.1065
 9.35803
 5.66285
       2
     100
 96.0338
 92.0674
 88.1006
 84.1332
  80.165
 76.1957
 72.2251
  68.253
 64.2792
 60.3035
 56.3257
 52.3457
 48.3637
   44.38
 40.3955
 36.4117
 32.4315
 28.4599
 24.5052
 20.5803
 16.7038
 12.8988
 9.18492
 5.56273
       2
     100
  96.032
 92.0637
 88.0949
 84.1253
 80.1547
 76.1827
  72.209
 68.2333
 64.2551
 60.2742
   56.29
 52.3022
 48.3104
 44.3144
 40.3143
 36.3107
 32.3054
 28.3023
 24.3091
 20.3405
 16.4221
 12.5953
  8.9105
 5.39436
       2
     100
 96.0304
 92.0605
   88.09
 84.1185
 80.1458
 76.1714
 72.1949
 68.2159
 64.2338
 60.2481
  56.258
 52.2627
 48.2614
 44.2531
 40.2369
 36.2119
 32.1779
 28.1362
 24.0912
 20.0545
 16.0533
 12.1462
 8.44593
 5.07753
       2
     100
 96.0291
 92.0578
 88.0859
 84.1129
 80.1385
 76.1621
 72.1834
 68.2016
 64.2162
 60.2264
 56.2311
 52.2292
 48.2194
 44.1998
 40.1683
 36.1223
 32.0589
  27.975
 23.8683
 19.7402
 15.6042
 11.5095
 7.60942
 4.36491
       2
     100
 96.0281
 92.0559
  88.083
 84.1088
 80.1331
 76.1553
 72.1748
 68.1909
  64.203
   60.21
 56.2107
 52.2037
  48.187
 44.1582
  40.114
 36.0501
 31.9606
 27.8374
 23.6691
 19.4406
 15.1338
  10.736
 6.28896
 2.13521
       2
     100
 96.0276
 92.0547
 88.0811
 84.1063
 80.1298
  76.151
 72.1695
 68.1843
 64.1948
 60.1998
  56.198
 52.1876
 48.1665
 44.1317
 40.0791
  36.003
 31.8953
 27.7437
 23.5289
 19.2195
  14.761
  10.052
 4.88856
 -1.1973
-11.7886
     100
 96.0274
 92.0543
 88.0805
 84.1054
 80.1287
 76.1496
 72.1677
 68.1821
  64.192
 60.1963
 56.1936
 52.1822
 48.1595
 44.1226
  40.067
 35.9867
 31.8724
 27.7103
 23.4781
 19.1374
 14.6173
 9.77302
 4.26702
 -2.8027
-11.7886
 98.0317
 94.0951
 90.1589
 86.2232
 82.2882
  78.354
  74.421
 70.4892
 66.5589
 62.6303
 58.7035
 54.7787
  50.856
 46.9356
 43.0174
 39.1017
 35.1883
 31.2772
 27.3684
 23.4616
 19.5567
 15.6535
 11.7515
 7.85048
 3.95009
 98.0316
 94.0948
 90.1584
 86.2225
 82.2873
 78.3529
 74.4197
 70.4877
 66.5573
 62.6285
 58.7015
 54.7766
 50.8538
 46.9333
 43.0151
 39.0993
  35.186
  31.275
 27.3663
 23.4597
 19.5551
 15.6521
 11.7505
 7.84988
 3.94989
 98.0314
 94.0942
 90.1574
 86.2211
 82.2855
 78.3507
 74.4171
 70.4848
 66.5539
 62.6248
 58.6975
 54.7723
 50.8493
 46.9286
 43.0103
 39.0945
 35.1812
 31.2704
  27.362
 23.4559
 19.5518
 15.6494
 11.7485
 7.84866
 3.94948
 98.0311
 94.0933
 90.1559
  86.219
 82.2828
 78.3474
 74.4132
 70.4803
 66.5489
 62.6192
 58.6914
 54.7658
 50.8424
 46.9214
  43.003
 39.0872
  35.174
 31.2635
 27.3555
   23.45
 19.5467
 15.6453
 11.7455
 7.84678
 3.94885
 98.0307
 94.0922
 90.1539
 86.2162
 82.2792
  78.343
  74.408
 70.4743
 66.5421
 62.6117
 58.6833
  54.757
 50.8331
 46.9117
  42.993
 39.0772
 35.1641
  31.254
 27.3466
 23.4419
 19.5397
 15.6396
 11.7412
 7.84417
 3.94797
 98.0302
 94.0907
 90.1514
 86.2127
 82.2747
 78.3375
 74.4015
 70.4668
 66.5336
 62.6023
  58.673
 54.7459
 50.8213
 46.8994
 42.9803
 39.0643
 35.1514
 31.2416
  27.335
 23.4313
 19.5305
 15.6321
 11.7357
 7.84075
 3.94681
 98.0296
 94.0889
 90.1484
 86.2085
 82.2693
 78.3309
 74.3936
 70.4577
 66.5234
 62.5908
 58.6604
 54.7323
 50.8068
 46.8841
 42.9645
 39.0483
 35.1354
 31.2261
 27.3203
  23.418
 19.5188
 15.6225
 11.7286
 7.83636
 3.94533
 98.0289
 94.0868
  90.145
 86.2037
  82.263
 78.3232
 74.3844
 70.4471
 66.5112
 62.5773
 58.6455
 54.7161
 50.7894
 46.8658
 42.9455
 39.0288
 35.1159
 31.2071
 27.3022
 23.4014
 19.5043
 15.6105
 11.7196
 7.83085
 3.94347
 98.0281
 94.0845
 90.1411
 86.1981
 82.2558
 78.3143
 74.3739
 70.4348
 66.4973
 62.5616
 58.6281
 54.6971
  50.769
 46.8441
 42.9228
 39.0055
 35.0925
  31.184
 27.2801
  23.381
 19.4863
 15.5957
 11.7085
 7.82398
 3.94114
 98.0273
 94.0818
 90.1367
  86.192
 82.2478
 78.3045
 74.3621
  70.421
 66.4815
 62.5438
 58.6082
 54.6753
 50.7453
 46.8188
 42.8961
 38.9778
 35.0644
 31.1561
 27.2533
 23.3561
 19.4642
 15.5773
 11.6947
  7.8154
 3.93823
 98.0263
  94.079
 90.1319
 86.1852
  82.239
 78.2936
 74.3491
 70.4057
 66.4639
 62.5238
 58.5858
 54.6505
 50.7182
 46.7895
 42.8651
 38.9454
 35.0311
 31.1228
 27.2209
 23.3257
  19.437
 15.5546
 11.6775
 7.80469
 3.93459
 98.0253
 94.0759
 90.1267
 86.1779
 82.2295
 78.2818
 74.3348
  70.389
 66.4445
 62.5016
 58.5609
 54.6226
 50.6875
 46.7561
 42.8292
 38.9075
 34.9919
 31.0831
 27.1818
 23.2886
 19.4036
 15.5263
  11.656
 7.79122
    3.93
 98.0242
 94.0727
 90.1213
 86.1701
 82.2194
 78.2691
 74.3195
 70.3709
 66.4234
 62.4774
 58.5334
 54.5917
 50.6531
 46.7183
 42.7881
 38.8636
 34.9457
 31.0357
 27.1346
 23.2433
 19.3621
 15.4909
 11.6289
 7.77411
 3.92415
 98.0231
 94.0693
 90.1155
  86.162
 82.2087
 78.2558
 74.3034
 70.3516
 66.4008
 62.4513
 58.5035
 54.5578
  50.615
 46.6758
 42.7414
 38.8129
 34.8917
 30.9795
 27.0776
 23.1876
 19.3104
 15.4463
 11.5942
 7.75208
 3.91659
 98.0219
 94.0658
 90.1096
 86.1536
 82.1977
 78.2419
 74.2865
 70.3315
 66.3771
 62.4236
 58.4714
  54.521
 50.5732
 46.6287
 42.6888
  38.755
 34.8289
 30.9127
 27.0086
  23.119
 19.2455
 15.3891
 11.5492
 7.72321
 3.90663
 98.0207
 94.0622
 90.1037
 86.1451
 82.1865
 78.2278
 74.2692
 70.3107
 66.3524
 62.3946
 58.4376
 54.4819
 50.5281
 46.5771
 42.6303
 38.6893
 34.7562
 30.8338
 26.9252
 23.0339
 19.1631
  15.315
 11.4898
 7.68454
 3.89319
 98.0196
 94.0587
 90.0978
 86.1367
 82.1753
 78.2137
 74.2518
 70.2897
 66.3273
 62.3648
 58.4025
 54.4408
 50.4802
 46.5215
 42.5661
 38.6158
  34.673
 30.7411
 26.8244
  22.928
 19.0574
 15.2172
 11.4094
 7.63129
 3.87451
 98.0185
 94.0554
 90.0921
 86.1285
 82.1645
 78.1999
 74.2347
 70.2689
 66.3023
 62.3349
  58.367
 54.3987
 50.4304
 46.4628
 42.4971
  38.535
 34.5792
 30.6335
 26.7034
 22.7962
 18.9207
 15.0857
 11.2976
 7.55536
  3.8475
 98.0174
 94.0522
 90.0866
 86.1207
 82.1541
 78.1867
 74.2183
 70.2488
  66.278
 62.3057
 58.3319
 54.3566
 50.3799
 46.4023
 42.4246
 38.4482
 34.4756
 30.5108
 26.5601
  22.633
 18.7427
 14.9057
 11.1371
 7.44213
  3.8064
 98.0164
 94.0492
 90.0816
 86.1135
 82.1445
 78.1745
 74.2031
 70.2301
 66.2551
  62.278
 58.2983
 54.3159
 50.3305
 46.3422
 42.3511
  38.358
 34.3648
 30.3748
 26.3941
 22.4338
 18.5116
  14.655
 10.8974
 7.26313
 3.73927
 98.0156
 94.0466
 90.0772
 86.1072
 82.1361
 78.1636
 74.1895
 70.2133
 66.2345
 62.2528
 58.2676
 54.2782
 50.2842
 46.2849
 42.2797
 38.2684
 34.2515
 30.2304
 26.2097
 22.1988
 18.2176
 14.3042
 10.5245
 6.95708
 3.61797
 98.0149
 94.0444
 90.0735
 86.1018
 82.1289
 78.1544
 74.1779
 70.1989
 66.2169
 62.2311
 58.2409
 54.2452
 50.2432
 46.2334
 42.2145
 38.1848
 34.1428
  30.087
 26.0177
 21.9385
 17.8631
 13.8283
 9.92777
 6.37445
 3.36061
 98.0143
 94.0427
 90.0706
 86.0977
 82.1233
 78.1472
 74.1689
 70.1877
 66.2029
 62.2139
 58.2195
 54.2187
 50.2098
 46.1911
   42.16
 38.1137
  34.048
  29.958
 25.8374
 21.6795
 17.4797
 13.2459
 9.03597
  5.0996
 2.62501
 98.0139
 94.0416
 90.0687
 86.0948
 82.1195
 78.1423
 74.1626
 70.1799
 66.1933
 62.2019
 58.2046
    54.2
 50.1862
 46.1608
 42.1207
 38.0616
 33.9773
 29.8592
 25.6947
 21.4645
 17.1387
 12.6707
 7.99141
 3.02886
-2.21267
 98.0137
  94.041
 90.0677
 86.0934
 82.1175
 78.1398
 74.1594
 70.1759
 66.1883
 62.1957
 58.1969
 54.1903
  50.174
 46.1451
 42.1001
 38.0339
 33.9394
 29.8054
 25.6152
  21.341
 16.9338
 12.3009
 7.24519
  1.2889
-6.89429